0,42
1,42
2,42
3,42
4,42
5,42
6,42
7,42
8,42
9,42
10,42
11,42
12,42
13,44
14,44
15,44
16,44
17,44
18,44
19,44
20,44
21,44
22,44
23,44
24,44
25,44
26,44
27,44
28,44
29,44
30,44
31,44
32,44
33,44
34,44
35,44
36,44
37,44
38,44
39,44
40,44
41,44
42,44
43,44
44,44
45,44
46,44
47,44
48,44
49,44
50,44
51,44
52,44
53,44
54,44
55,44
56,44
57,44
58,44
59,44
60,44
61,44
62,44
63,44
64,44
65,44
66,44
67,44
68,44
69,44
70,44
71,44
72,44
73,44
74,44
75,44
76,44
77,44
78,44
79,44
80,44
81,44
82,44
83,44
84,44
85,44
86,44
87,44
88,44
89,44
90,44
91,44
92,44
93,44
94,44
95,44
96,44
97,44
98,44
99,44
100,44
101,44
102,44
103,44
104,44
105,44
106,44
107,44
108,44
109,44
110,44
111,44
112,44
113,44
114,44
115,44
116,44
117,44
118,44
119,44
120,44
121,44
122,44
123,44
124,44
125,44
126,44
127,44
128,44
129,44
130,44
131,44
132,44
133,44
134,44
135,44
136,44
137,44
138,44
139,44
140,44
141,44
142,44
143,44
144,44
145,44
146,44
147,44
148,44
149,44
150,44
151,44
152,44
153,44
154,44
155,44
156,44
157,44
158,44
159,44
160,44
161,44
162,44
163,44
164,44
165,44
166,44
167,44
168,44
169,44
170,44
171,44
172,44
173,44
174,44
175,44
176,44
177,44
178,44
179,44
180,44
181,44
182,44
183,44
184,44
185,44
186,44
187,44
188,44
189,44
190,44
191,44
192,44
193,44
194,44
195,44
196,44
197,44
198,44
199,44
200,47
201,47
202,47
203,47
204,47
205,47
206,47
207,47
208,47
209,47
210,47
211,47
212,47
213,47
214,47
215,47
216,47
217,47
218,47
219,47
220,47
221,47
222,47
223,47
224,47
225,47
226,47
227,47
228,47
229,47
230,47
231,47
232,47
233,47
234,47
235,47
236,47
237,47
238,47
239,47
240,47
241,47
242,47
243,47
244,47
245,47
246,47
247,47
248,47
249,47
250,47
251,47
252,47
253,47
254,47
255,47
256,47
257,47
258,47
259,47
260,47
261,47
262,47
263,47
264,47
265,47
266,47
267,47
268,47
269,47
270,47
271,47
272,47
273,47
274,47
275,47
276,47
277,47
278,47
279,47
280,47
281,47
282,47
283,47
284,47
285,47
286,47
287,47
288,47
289,47
290,47
291,47
292,47
293,47
294,47
295,47
296,47
297,47
298,47
299,47
300,47
301,47
302,47
303,47
304,47
305,47
306,47
307,47
308,47
309,47
310,47
311,47
312,47
313,47
314,47
315,47
316,47
317,47
318,47
319,47
320,47
321,47
322,47
323,47
324,47
325,47
326,47
327,47
328,47
329,47
330,47
331,47
332,47
333,47
334,47
335,47
336,47
337,47
338,47
339,47
340,47
341,47
342,47
343,47
344,47
345,47
346,47
347,47
348,47
349,47
350,47
351,47
352,47
353,47
354,47
355,47
356,47
357,47
358,47
359,47
360,47
361,47
362,47
363,47
364,47
365,47
366,47
367,47
368,47
369,47
370,47
371,47
372,47
373,47
374,47
375,47
376,47
377,47
378,47
379,47
380,47
381,47
382,47
383,47
384,47
385,47
386,47
387,47
388,47
389,47
390,47
391,47
392,47
393,47
394,47
395,47
396,47
397,47
398,47
399,47
400,47
401,47
402,47
403,47
404,47
405,47
406,47
407,47
408,47
409,47
410,47
411,47
412,47
413,47
414,47
415,47
416,47
417,47
418,47
419,47
420,47
421,47
422,47
423,47
424,47
425,47
426,47
427,47
428,47
429,47
430,47
431,47
432,47
433,47
434,47
435,47
436,47
437,47
438,47
439,47
440,47
441,47
442,47
443,47
444,47
445,47
446,47
447,47
448,47
449,47
450,47
451,47
452,47
453,47
454,47
455,47
456,47
457,47
458,47
459,47
460,47
461,47
462,47
463,47
464,47
465,47
466,47
467,47
468,47
469,47
470,47
471,47
472,47
473,47
474,47
475,47
476,47
477,47
478,47
479,47
480,47
481,47
482,47
483,47
484,47
485,47
486,47
487,47
488,47
489,47
490,47
491,47
492,47
493,47
494,47
495,47
496,47
497,47
498,47
499,47
500,47
501,47
502,47
503,47
504,47
505,47
506,47
507,47
508,47
509,47
510,47
511,47
512,47
513,47
514,47
515,47
516,47
517,47
518,47
519,47
520,47
521,47
522,47
523,47
524,47
525,47
526,47
527,47
528,47
529,47
530,47
531,47
532,47
533,47
534,47
535,47
536,47
537,47
538,47
539,47
540,47
541,47
542,47
543,47
544,47
545,47
546,47
547,47
548,47
549,47
550,47
551,47
552,47
553,47
554,47
555,47
556,47
557,47
558,47
559,47
560,47
561,47
562,47
563,47
564,47
565,47
566,47
567,47
568,47
569,47
570,47
571,47
572,47
573,47
574,47
575,47
576,47
577,47
578,47
579,47
580,47
581,47
582,47
583,47
584,47
585,47
586,47
587,47
588,47
589,47
590,47
591,47
592,47
593,47
594,47
595,47
596,47
597,47
598,47
599,47
600,47
601,47
602,47
603,47
604,47
605,47
606,47
607,47
608,47
609,47
610,47
611,47
612,47
613,47
614,47
615,47
616,47
617,47
618,47
619,47
620,47
621,47
622,47
623,47
624,47
625,47
626,47
627,47
628,47
629,47
630,47
631,47
632,47
633,47
634,47
635,47
636,47
637,47
638,47
639,47
640,47
641,47
642,47
643,47
644,47
645,47
646,47
647,47
648,47
649,47
650,47
651,47
652,47
653,47
654,47
655,47
656,47
657,47
658,47
659,47
660,47
661,47
662,47
663,47
664,47
665,47
666,47
667,47
668,47
669,47
670,47
671,47
672,47
673,47
674,47
675,47
676,47
677,47
678,47
679,47
680,47
681,47
682,47
683,47
684,47
685,47
686,47
687,47
688,47
689,47
690,47
691,47
692,47
693,47
694,47
695,47
696,47
697,47
698,47
699,47
700,47
701,47
702,47
703,47
704,47
705,47
706,47
707,47
708,47
709,47
710,47
711,47
712,47
713,47
714,47
715,47
716,47
717,47
718,47
719,47
720,47
721,47
722,47
723,47
724,47
725,47
726,47
727,47
728,47
729,47
730,47
731,47
732,47
733,47
734,47
735,47
736,47
737,47
738,47
739,47
740,47
741,47
742,47
743,47
744,47
745,47
746,47
747,47
748,47
749,47
750,47
751,47
752,47
753,47
754,47
755,47
756,47
757,47
758,47
759,47
760,47
761,47
762,47
763,47
764,47
765,47
766,47
767,47
768,47
769,47
770,47
771,47
772,47
773,47
774,47
775,47
776,47
777,47
778,47
779,47
780,47
781,47
782,47
783,47
784,47
785,47
786,47
787,47
788,47
789,47
790,47
791,47
792,47
793,47
794,47
795,47
796,47
797,47
798,47
799,47
800,47
801,47
802,47
803,47
804,47
805,47
806,47
807,47
808,47
809,47
810,47
811,47
812,47
813,47
814,47
815,47
816,47
817,47
818,47
819,47
820,47
821,47
822,47
823,47
824,47
825,47
826,47
827,47
828,47
829,47
830,47
831,47
832,47
833,47
834,47
835,47
836,47
837,47
838,47
839,47
840,47
841,47
842,47
843,47
844,47
845,47
846,47
847,47
848,47
849,47
850,47
851,47
852,47
853,47
854,47
855,47
856,47
857,47
858,47
859,47
860,47
861,47
862,47
863,47
864,47
865,47
866,47
867,47
868,47
869,47
870,47
871,47
872,47
873,47
874,47
875,47
876,47
877,47
878,47
879,47
880,47
881,47
882,47
883,47
884,47
885,47
886,47
887,47
888,47
889,47
890,47
891,47
892,47
893,47
894,47
895,47
896,47
897,47
898,47
899,47
900,47
901,47
902,47
903,47
904,47
905,47
906,47
907,47
908,47
909,47
910,47
911,47
912,47
913,47
914,47
915,47
916,47
917,47
918,47
919,47
920,47
921,47
922,47
923,47
924,47
925,47
926,47
927,47
928,47
929,47
930,47
931,47
932,47
933,47
934,47
935,47
936,47
937,47
938,47
939,47
940,47
941,47
942,47
943,47
944,47
945,47
946,47
947,47
948,47
949,47
950,47
951,47
952,47
953,49
954,49
955,49
956,49
957,49
958,49
959,49
960,49
961,49
962,49
963,49
964,49
965,49
966,49
967,49
968,49
969,49
970,49
971,49
972,49
973,49
974,49
975,49
976,49
977,49
978,49
979,49
980,49
981,49
982,49
983,49
984,49
985,49
986,49
987,49
988,49
989,49
990,49
991,49
992,49
993,49
994,49
995,49
996,49
997,49
998,49
999,49
