0,37
1,37
2,37
3,37
4,37
5,37
6,37
7,37
8,37
9,37
10,37
11,37
12,37
13,37
14,37
15,37
16,37
17,37
18,37
19,37
20,37
21,37
22,37
23,37
24,37
25,37
26,37
27,37
28,37
29,37
30,37
31,37
32,37
33,37
34,37
35,37
36,37
37,37
38,37
39,37
40,37
41,37
42,37
43,37
44,37
45,37
46,37
47,37
48,37
49,37
50,37
51,37
52,37
53,37
54,37
55,37
56,37
57,37
58,37
59,37
60,37
61,37
62,37
63,37
64,37
65,37
66,37
67,37
68,37
69,37
70,37
71,37
72,37
73,37
74,37
75,37
76,37
77,37
78,37
79,37
80,37
81,37
82,37
83,37
84,37
85,37
86,37
87,37
88,37
89,37
90,37
91,37
92,37
93,37
94,37
95,37
96,37
97,37
98,37
99,37
100,37
101,37
102,37
103,37
104,37
105,37
106,37
107,37
108,37
109,37
110,37
111,37
112,37
113,37
114,37
115,37
116,37
117,37
118,37
119,37
120,37
121,37
122,37
123,37
124,37
125,37
126,37
127,37
128,37
129,37
130,37
131,37
132,37
133,37
134,37
135,37
136,37
137,37
138,37
139,37
140,37
141,37
142,37
143,37
144,37
145,37
146,37
147,37
148,37
149,37
150,37
151,37
152,37
153,37
154,37
155,37
156,37
157,37
158,37
159,37
160,37
161,37
162,37
163,37
164,37
165,37
166,37
167,37
168,37
169,37
170,37
171,37
172,37
173,37
174,37
175,37
176,37
177,37
178,37
179,37
180,37
181,37
182,37
183,37
184,37
185,37
186,37
187,37
188,37
189,37
190,37
191,37
192,37
193,37
194,37
195,37
196,37
197,37
198,37
199,37
200,37
201,37
202,37
203,37
204,37
205,37
206,37
207,37
208,37
209,37
210,37
211,37
212,37
213,37
214,37
215,37
216,37
217,37
218,37
219,37
220,37
221,37
222,37
223,37
224,37
225,37
226,37
227,37
228,37
229,37
230,37
231,37
232,37
233,37
234,37
235,37
236,37
237,37
238,37
239,37
240,37
241,37
242,37
243,37
244,37
245,37
246,37
247,37
248,37
249,37
250,37
251,37
252,37
253,37
254,37
255,37
256,37
257,37
258,37
259,37
260,37
261,37
262,37
263,37
264,37
265,37
266,37
267,37
268,37
269,37
270,37
271,37
272,37
273,37
274,37
275,37
276,37
277,37
278,37
279,37
280,37
281,37
282,37
283,37
284,37
285,37
286,37
287,37
288,37
289,37
290,37
291,37
292,37
293,37
294,37
295,37
296,37
297,37
298,37
299,37
300,37
301,37
302,37
303,37
304,37
305,37
306,37
307,37
308,37
309,37
310,37
311,37
312,37
313,37
314,37
315,37
316,37
317,37
318,37
319,37
320,37
321,37
322,37
323,37
324,37
325,37
326,37
327,37
328,37
329,37
330,37
331,37
332,37
333,37
334,37
335,37
336,37
337,37
338,37
339,37
340,37
341,37
342,37
343,37
344,37
345,37
346,37
347,37
348,37
349,37
350,37
351,37
352,37
353,37
354,37
355,37
356,37
357,37
358,37
359,37
360,37
361,37
362,37
363,37
364,37
365,37
366,37
367,37
368,37
369,37
370,37
371,37
372,37
373,37
374,37
375,37
376,37
377,37
378,37
379,37
380,37
381,37
382,37
383,37
384,37
385,37
386,37
387,37
388,37
389,37
390,37
391,37
392,37
393,37
394,37
395,37
396,37
397,37
398,37
399,37
400,37
401,37
402,37
403,37
404,37
405,37
406,37
407,37
408,37
409,37
410,37
411,37
412,37
413,37
414,37
415,37
416,37
417,37
418,37
419,37
420,37
421,37
422,37
423,37
424,37
425,37
426,37
427,37
428,37
429,37
430,37
431,37
432,37
433,37
434,37
435,37
436,37
437,37
438,37
439,37
440,37
441,37
442,37
443,37
444,37
445,37
446,37
447,37
448,37
449,37
450,37
451,37
452,37
453,37
454,37
455,37
456,37
457,37
458,37
459,37
460,37
461,37
462,37
463,37
464,37
465,37
466,37
467,37
468,37
469,37
470,37
471,37
472,37
473,37
474,37
475,37
476,37
477,37
478,37
479,37
480,37
481,37
482,37
483,37
484,37
485,37
486,37
487,37
488,37
489,37
490,37
491,37
492,37
493,37
494,37
495,37
496,37
497,37
498,37
499,37
500,37
501,37
502,37
503,37
504,37
505,37
506,37
507,37
508,37
509,37
510,37
511,37
512,37
513,37
514,37
515,37
516,37
517,37
518,37
519,37
520,37
521,37
522,37
523,37
524,37
525,37
526,37
527,37
528,37
529,37
530,37
531,37
532,37
533,37
534,37
535,37
536,37
537,37
538,37
539,37
540,37
541,37
542,37
543,37
544,37
545,37
546,37
547,37
548,37
549,37
550,37
551,37
552,37
553,37
554,37
555,37
556,37
557,37
558,37
559,37
560,37
561,37
562,37
563,37
564,37
565,37
566,37
567,37
568,37
569,37
570,37
571,37
572,37
573,37
574,37
575,37
576,37
577,37
578,37
579,37
580,37
581,37
582,37
583,37
584,37
585,37
586,37
587,37
588,37
589,37
590,37
591,37
592,37
593,37
594,37
595,37
596,37
597,37
598,37
599,37
600,37
601,37
602,37
603,37
604,37
605,37
606,37
607,37
608,37
609,37
610,37
611,37
612,37
613,37
614,37
615,37
616,37
617,37
618,37
619,37
620,37
621,37
622,37
623,37
624,37
625,37
626,37
627,37
628,37
629,37
630,37
631,37
632,37
633,37
634,37
635,37
636,37
637,37
638,37
639,37
640,37
641,37
642,37
643,37
644,37
645,37
646,37
647,37
648,37
649,37
650,37
651,37
652,37
653,37
654,37
655,37
656,37
657,37
658,37
659,37
660,37
661,37
662,37
663,37
664,37
665,37
666,37
667,37
668,37
669,37
670,37
671,37
672,37
673,37
674,37
675,37
676,37
677,37
678,37
679,37
680,37
681,37
682,37
683,37
684,37
685,37
686,37
687,37
688,37
689,37
690,37
691,37
692,37
693,37
694,37
695,37
696,37
697,37
698,37
699,37
700,37
701,37
702,37
703,37
704,37
705,37
706,37
707,37
708,37
709,37
710,37
711,37
712,37
713,37
714,37
715,37
716,37
717,37
718,37
719,37
720,37
721,37
722,37
723,37
724,37
725,37
726,37
727,37
728,37
729,37
730,37
731,37
732,37
733,37
734,37
735,37
736,37
737,37
738,37
739,37
740,37
741,37
742,37
743,37
744,37
745,37
746,37
747,37
748,37
749,37
750,37
751,37
752,37
753,37
754,37
755,37
756,37
757,37
758,37
759,37
760,37
761,37
762,37
763,37
764,37
765,37
766,37
767,37
768,37
769,37
770,37
771,37
772,37
773,37
774,37
775,37
776,37
777,37
778,37
779,37
780,37
781,37
782,37
783,37
784,37
785,37
786,37
787,37
788,37
789,37
790,37
791,37
792,37
793,37
794,37
795,37
796,37
797,37
798,37
799,37
800,37
801,37
802,37
803,37
804,37
805,37
806,37
807,37
808,37
809,37
810,37
811,37
812,37
813,37
814,37
815,37
816,37
817,37
818,37
819,37
820,37
821,37
822,37
823,37
824,37
825,37
826,37
827,37
828,37
829,37
830,37
831,37
832,37
833,37
834,37
835,37
836,37
837,37
838,37
839,37
840,37
841,37
842,37
843,37
844,37
845,37
846,37
847,37
848,37
849,37
850,37
851,37
852,37
853,37
854,37
855,37
856,37
857,37
858,37
859,37
860,37
861,37
862,37
863,37
864,37
865,37
866,37
867,37
868,37
869,37
870,37
871,37
872,37
873,37
874,37
875,37
876,37
877,37
878,37
879,37
880,37
881,37
882,37
883,37
884,37
885,37
886,37
887,37
888,37
889,37
890,37
891,37
892,37
893,37
894,37
895,37
896,37
897,37
898,37
899,37
900,37
901,37
902,37
903,37
904,37
905,37
906,37
907,37
908,37
909,37
910,37
911,37
912,37
913,37
914,37
915,37
916,37
917,37
918,37
919,37
920,37
921,37
922,37
923,37
924,37
925,37
926,37
927,37
928,37
929,37
930,37
931,37
932,37
933,37
934,37
935,37
936,37
937,37
938,37
939,37
940,37
941,37
942,37
943,37
944,37
945,37
946,37
947,37
948,37
949,37
950,37
951,37
952,37
953,37
954,37
955,37
956,37
957,37
958,37
959,37
960,37
961,37
962,37
963,37
964,37
965,37
966,37
967,37
968,37
969,37
970,37
971,37
972,37
973,37
974,37
975,37
976,37
977,37
978,37
979,37
980,37
981,37
982,37
983,37
984,37
985,37
986,37
987,37
988,37
989,37
990,37
991,37
992,37
993,37
994,37
995,37
996,37
997,37
998,37
999,37
0,39
1,39
2,39
3,39
4,39
5,39
6,39
7,39
8,39
9,39
10,39
11,39
12,39
13,39
14,39
15,39
16,39
17,39
18,39
19,39
20,39
21,39
22,39
23,39
24,39
25,39
26,39
27,39
28,39
29,39
30,39
31,39
32,39
33,39
34,39
35,39
36,39
37,39
38,39
39,39
40,39
41,39
42,39
43,39
44,39
45,39
46,39
47,39
48,39
49,39
50,39
51,39
52,39
53,39
54,39
55,39
56,39
57,39
58,39
59,39
60,39
61,39
62,39
63,39
64,39
65,39
66,39
67,39
68,39
69,39
70,39
71,39
72,39
73,39
74,39
75,39
76,39
77,39
78,39
79,39
80,39
81,39
82,39
83,39
84,39
85,39
86,39
87,39
88,39
89,39
90,39
91,39
92,39
93,39
94,39
95,39
96,39
97,39
98,39
99,39
100,39
101,39
102,39
103,39
104,39
105,39
106,39
107,39
108,39
109,39
110,39
111,39
112,39
113,39
114,39
115,39
116,39
117,39
118,39
119,39
120,39
121,39
122,39
123,39
124,39
125,39
126,39
127,39
128,39
129,39
130,39
131,39
132,39
133,39
134,39
135,39
136,39
137,39
138,39
139,39
140,39
141,39
142,39
143,39
144,39
145,39
146,39
147,39
148,39
149,39
150,39
151,39
152,39
153,39
154,39
155,39
156,39
157,39
158,39
159,39
160,39
161,39
162,39
163,39
164,39
165,39
166,39
167,39
168,39
169,39
170,39
171,39
172,39
173,39
174,39
175,39
176,39
177,39
178,39
179,39
180,39
181,39
182,39
183,39
184,39
185,39
186,39
187,39
188,39
189,39
190,39
191,39
192,39
193,39
194,39
195,39
196,39
197,39
198,39
199,39
200,39
201,39
202,39
203,39
204,39
205,39
206,39
207,39
208,39
209,39
210,39
211,39
212,39
213,39
214,39
215,39
216,39
217,39
218,39
219,39
220,39
221,39
222,39
223,39
224,39
225,39
226,39
227,39
228,39
229,39
230,39
231,39
232,39
233,39
234,39
235,39
236,39
237,39
238,39
239,39
240,39
241,39
242,39
243,39
244,39
245,39
246,39
247,39
248,39
249,39
250,39
251,39
252,39
253,39
254,39
255,39
256,39
257,39
258,39
259,39
260,39
261,39
262,39
263,39
264,39
265,39
266,39
267,39
268,39
269,39
270,39
271,39
272,39
273,39
274,39
275,39
276,39
277,39
278,39
279,39
280,39
281,39
282,39
283,39
284,39
285,39
286,39
287,39
288,39
289,39
290,39
291,39
292,39
293,39
294,39
295,39
296,39
297,39
298,39
299,39
300,39
301,39
302,39
303,39
304,39
305,39
306,39
307,39
308,39
309,39
310,39
311,39
312,39
313,39
314,39
315,39
316,39
317,39
318,39
319,39
320,39
321,39
322,39
323,39
324,39
325,39
326,39
327,39
328,39
329,39
330,39
331,39
332,39
333,39
334,39
335,39
336,39
337,39
338,39
339,39
340,39
341,39
342,39
343,39
344,39
345,39
346,39
347,39
348,39
349,39
350,39
351,39
352,39
353,39
354,39
355,39
356,39
357,39
358,39
359,39
360,39
361,39
362,39
363,39
364,39
365,39
366,39
367,39
368,39
369,39
370,39
371,39
372,39
373,39
374,39
375,39
376,39
377,39
378,39
379,39
380,39
381,39
382,39
383,39
384,39
385,39
386,39
387,39
388,39
389,39
390,39
391,39
392,39
393,39
394,39
395,39
396,39
397,39
398,39
399,39
400,39
401,39
402,39
403,39
404,39
405,39
406,39
407,39
408,39
409,39
410,39
411,39
412,39
413,39
414,39
415,39
416,39
417,39
418,39
419,39
420,39
421,39
422,39
423,39
424,39
425,39
426,39
427,39
428,39
429,39
430,39
431,39
432,39
433,39
434,39
435,39
436,39
437,39
438,39
439,39
440,39
441,39
442,39
443,39
444,39
445,39
446,39
447,39
448,39
449,39
450,39
451,39
452,39
453,39
454,39
455,39
456,39
457,39
458,39
459,39
460,39
461,39
462,39
463,39
464,39
465,39
466,39
467,39
468,39
469,39
470,39
471,39
472,39
473,39
474,39
475,39
476,39
477,39
478,39
479,39
480,39
481,39
482,39
483,39
484,39
485,39
486,39
487,39
488,39
489,39
490,39
491,39
492,39
493,39
494,39
495,39
496,39
497,39
498,39
499,39
500,39
501,39
502,39
503,39
504,39
505,39
506,39
507,39
508,39
509,39
510,39
511,39
512,39
513,39
514,39
515,39
516,39
517,39
518,39
519,39
520,39
521,39
522,39
523,39
524,39
525,39
526,39
527,39
528,39
529,39
530,39
531,39
532,39
533,39
534,39
535,39
536,39
537,39
538,39
539,39
540,39
541,39
542,39
543,39
544,39
545,39
546,39
547,39
548,39
549,39
550,39
551,39
552,39
553,39
554,39
555,39
556,39
557,39
558,39
559,39
560,39
561,39
562,39
563,39
564,39
565,39
566,39
567,39
568,39
569,39
570,39
571,39
572,39
573,39
574,39
575,39
576,39
577,39
578,39
579,39
580,39
581,39
582,39
583,39
584,39
585,39
586,39
587,39
588,39
589,39
590,39
591,39
592,39
593,39
594,39
595,39
596,39
597,39
598,39
599,39
600,39
601,39
602,39
603,39
604,39
605,39
606,39
607,39
608,39
609,39
610,39
611,39
612,39
613,39
614,39
615,39
616,39
617,39
618,39
619,39
620,39
621,39
622,39
623,39
624,39
625,39
626,39
627,39
628,39
629,39
630,39
631,39
632,39
633,39
634,39
635,39
636,39
637,39
638,39
639,39
640,39
641,39
642,39
643,39
644,39
645,39
646,39
647,39
648,39
649,39
650,39
651,39
652,39
653,39
654,39
655,39
656,39
657,39
658,39
659,39
660,39
661,39
662,39
663,39
664,39
665,39
666,39
667,39
668,39
669,39
670,39
671,39
672,39
673,39
674,39
675,39
676,39
677,39
678,39
679,39
680,39
681,39
682,39
683,39
684,39
685,39
686,39
687,39
688,39
689,39
690,39
691,39
692,39
693,39
694,39
695,39
696,39
697,39
698,39
699,39
700,39
701,39
702,39
703,39
704,39
705,39
706,39
707,39
708,39
709,39
710,39
711,39
712,39
713,39
714,39
715,39
716,39
717,39
718,39
719,39
720,39
721,39
722,39
723,39
724,39
725,39
726,39
727,39
728,39
729,39
730,39
731,39
732,39
733,39
734,39
735,39
736,39
737,39
738,39
739,39
740,39
741,39
742,39
743,39
744,39
745,39
746,39
747,39
748,39
749,39
750,39
751,39
752,39
753,39
754,39
755,39
756,39
757,39
758,39
759,39
760,39
761,39
762,39
763,39
764,39
765,39
766,39
767,39
768,39
769,39
770,39
771,39
772,39
773,39
774,39
775,39
776,39
777,39
778,39
779,39
780,39
781,39
782,39
783,39
784,39
785,39
786,39
787,39
788,39
789,39
790,39
791,39
792,39
793,39
794,39
795,39
796,39
797,39
798,39
799,39
800,39
801,39
802,39
803,39
804,39
805,39
806,39
807,39
808,39
809,39
810,39
811,39
812,39
813,39
814,39
815,39
816,39
817,39
818,39
819,39
820,39
821,39
822,39
823,39
824,39
825,39
826,39
827,39
828,39
829,39
830,39
831,39
832,39
833,39
834,39
835,39
836,39
837,39
838,39
839,39
840,39
841,39
842,39
843,39
844,39
845,39
846,39
847,39
848,39
849,39
850,39
851,39
852,39
853,39
854,39
855,39
856,39
857,39
858,39
859,39
860,39
861,39
862,39
863,39
864,39
865,39
866,39
867,39
868,39
869,39
870,39
871,39
872,39
873,39
874,39
875,39
876,39
877,39
878,39
879,39
880,39
881,39
882,39
883,39
884,39
885,39
886,39
887,39
888,39
889,39
890,39
891,39
892,39
893,39
894,39
895,39
896,39
897,39
898,39
899,39
900,39
901,39
902,39
903,39
904,39
905,39
906,39
907,39
908,39
909,39
910,39
911,39
912,39
913,39
914,39
915,39
916,39
917,39
918,39
919,39
920,39
921,39
922,39
923,39
924,39
925,39
926,39
927,39
928,39
929,39
930,39
931,39
932,39
933,39
934,39
935,39
936,39
937,39
938,39
939,39
940,39
941,39
942,39
943,39
944,39
945,39
946,39
947,39
948,39
949,39
950,39
951,39
952,39
953,39
954,39
955,39
956,39
957,39
958,39
959,39
960,39
961,39
962,39
963,39
964,39
965,39
966,39
967,39
968,39
969,39
970,39
971,39
972,39
973,39
974,39
975,39
976,39
977,39
978,39
979,39
980,39
981,39
982,39
983,39
984,39
985,39
986,39
987,39
988,39
989,39
990,39
991,39
992,39
993,39
994,39
995,39
996,39
997,39
998,39
999,39
